001200120202
001200120212
001200120221
001200121012
001200121021
001200121102
001200121201
001200121202
001200121221
001200122012
001200122102
001200210112
001200210121
001200210201
001200210202
001200210212
001200210221
001200211021
001200211201
001200211202
001200212012
001200212021
001200212102
001200212121
001200212201
001201001201
001201001202
001201001212
001201001221
001201002101
001201002102
001201002112
001201002121
001201010112
001201010201
001201011202
001201012012
001201012021
001201012102
001201012121
001201012201
001201020102
001201020112
001201020121
001201020212
001201020221
001201021012
001201021021
001201021102
001201021201
001201021202
001201021212
001201021221
001201022012
001201022102
001201102012
001201102021
001201102102
001201102121
001201102201
001201120102
001201120201
001201120202
001201120212
001201120221
001201200121
001201200212
001201201012
001201201021
001201201102
001201201201
001201201202
001201201212
001201201221
001201202012
001201202021
001201202102
001201202112
001201202121
001201202201
001201210102
001201210112
001201210121
001201210202
001201210212
001201210221
001201211202
001201212012
001201212021
001201212201
001201220102
001201220112
001201220121
001201221012
001201221021
001202001212
001202001221
001202002112
001202010112
001202010121
001202010212
001202010221
001202011201
001202011202
001202012012
001202012021
001202012101
001202012102
001202012112
001202012121
001202012201
001202020112
001202021012
001202021021
001202021102
001202021201
001202021202
001202021212
001202021221
001202022102
001202100121
001202100212
001202101012
001202101021
001202101102
001202101201
001202101202
001202101212
001202101221
001202102012
001202102021
001202102101
001202102102
001202102112
001202102121
001202110202
001202110212
001202110221
001202112021
001202120101
001202120102
001202120112
001202120121
001202120201
001202120202
001202120212
001202120221
001202121012
001202121021
001202121102
001202122102
001202201012
001202201021
001202201102
001202210102
001202210112
001202210121
001210012102
001210012112
001210012201
001210021102
001210021201
001210021202
001210021212
001210021221
001210101202
001210101212
001210101221
001210102012
001210102021
001210102102
001210102112
001210102121
001210112021
001210120102
001210120112
001210120121
001210120202
001210120212
001210120221
001210121012
001210121021
001210121102
001210121202
001210121212
001210201012
001210201021
001210201102
001210201201
001210201202
001210201212
001210201221
001210202012
001210202102
001210202112
001210210102
001210210112
001210210121
001210210202
001210210212
001210210221
001210211202
001210212012
001210212021
001210212102
001210220112
001210221012
001211020201
001211020202
001211020212
001211020221
001211022101
001211202012
001211202201
001212001212
001212001221
001212002121
001212010102
001212010112
001212010121
001212010202
001212010212
001212010221
001212011202
001212012012
001212012021
001212012102
001212012121
001212020102
001212020112
001212020121
001212020212
001212021012
001212021202
001212101012
001212101021
001212101202
001212101212
001212101221
001212102012
001212102021
001212102102
001212102112
001212102121
001212120102
001212120112
001220110221
001221001221
010102012012
010102021212
010102101012
010102101212
010102121012
010120101212
010120102012
010120102102
010120120212
010120121012
010120201212
010120210102
010120210212
010120212012
010120212102
010121012012
010121012102
010121020102
010121020212
010121021012
010121021202
010201020102
010201021012
010201210212
010210210212
010210212012
010212010212
012012012012
